date_日期,price_价格,title_名称,lowerPrice_最低价格,lowerDate_最低价格日期,itemurl_商品链接
2024-05-01,123.5,晨光（M&G）A4打印纸复印纸一箱 办公打印用纸整箱5包2500张批发 【办公推荐】70g 一箱（2500张）,105,2025-04-26,http://item.jd.com/10069482136966.html
2024-05-02,123.5,晨光（M&G）A4打印纸复印纸一箱 办公打印用纸整箱5包2500张批发 【办公推荐】70g 一箱（2500张）,105,2025-04-26,http://item.jd.com/10069482136966.html
2024-05-03,123.5,晨光（M&G）A4打印纸复印纸一箱 办公打印用纸整箱5包2500张批发 【办公推荐】70g 一箱（2500张）,105,2025-04-26,http://item.jd.com/10069482136966.html
2024-05-04,123.5,晨光（M&G）A4打印纸复印纸一箱 办公打印用纸整箱5包2500张批发 【办公推荐】70g 一箱（2500张）,105,2025-04-26,http://item.jd.com/10069482136966.html
2024-05-05,123.5,晨光（M&G）A4打印纸复印纸一箱 办公打印用纸整箱5包2500张批发 【办公推荐】70g 一箱（2500张）,105,2025-04-26,http://item.jd.com/10069482136966.html
2024-05-06,123.5,晨光（M&G）A4打印纸复印纸一箱 办公打印用纸整箱5包2500张批发 【办公推荐】70g 一箱（2500张）,105,2025-04-26,http://item.jd.com/10069482136966.html
2024-05-07,123.5,晨光（M&G）A4打印纸复印纸一箱 办公打印用纸整箱5包2500张批发 【办公推荐】70g 一箱（2500张）,105,2025-04-26,http://item.jd.com/10069482136966.html
2024-05-08,123.5,晨光（M&G）A4打印纸复印纸一箱 办公打印用纸整箱5包2500张批发 【办公推荐】70g 一箱（2500张）,105,2025-04-26,http://item.jd.com/10069482136966.html
2024-05-09,123.5,晨光（M&G）A4打印纸复印纸一箱 办公打印用纸整箱5包2500张批发 【办公推荐】70g 一箱（2500张）,105,2025-04-26,http://item.jd.com/10069482136966.html
2024-05-10,123.5,晨光（M&G）A4打印纸复印纸一箱 办公打印用纸整箱5包2500张批发 【办公推荐】70g 一箱（2500张）,105,2025-04-26,http://item.jd.com/10069482136966.html
2024-05-11,123.5,晨光（M&G）A4打印纸复印纸一箱 办公打印用纸整箱5包2500张批发 【办公推荐】70g 一箱（2500张）,105,2025-04-26,http://item.jd.com/10069482136966.html
2024-05-12,123.5,晨光（M&G）A4打印纸复印纸一箱 办公打印用纸整箱5包2500张批发 【办公推荐】70g 一箱（2500张）,105,2025-04-26,http://item.jd.com/10069482136966.html
2024-05-13,123.5,晨光（M&G）A4打印纸复印纸一箱 办公打印用纸整箱5包2500张批发 【办公推荐】70g 一箱（2500张）,105,2025-04-26,http://item.jd.com/10069482136966.html
2024-05-14,123.5,晨光（M&G）A4打印纸复印纸一箱 办公打印用纸整箱5包2500张批发 【办公推荐】70g 一箱（2500张）,105,2025-04-26,http://item.jd.com/10069482136966.html
2024-05-15,123.5,晨光（M&G）A4打印纸复印纸一箱 办公打印用纸整箱5包2500张批发 【办公推荐】70g 一箱（2500张）,105,2025-04-26,http://item.jd.com/10069482136966.html
2024-05-16,123.5,晨光（M&G）A4打印纸复印纸一箱 办公打印用纸整箱5包2500张批发 【办公推荐】70g 一箱（2500张）,105,2025-04-26,http://item.jd.com/10069482136966.html
2024-05-17,123.5,晨光（M&G）A4打印纸复印纸一箱 办公打印用纸整箱5包2500张批发 【办公推荐】70g 一箱（2500张）,105,2025-04-26,http://item.jd.com/10069482136966.html
2024-05-18,123.5,晨光（M&G）A4打印纸复印纸一箱 办公打印用纸整箱5包2500张批发 【办公推荐】70g 一箱（2500张）,105,2025-04-26,http://item.jd.com/10069482136966.html
2024-05-19,123.5,晨光（M&G）A4打印纸复印纸一箱 办公打印用纸整箱5包2500张批发 【办公推荐】70g 一箱（2500张）,105,2025-04-26,http://item.jd.com/10069482136966.html
2024-05-20,123.5,晨光（M&G）A4打印纸复印纸一箱 办公打印用纸整箱5包2500张批发 【办公推荐】70g 一箱（2500张）,105,2025-04-26,http://item.jd.com/10069482136966.html
2024-05-21,123.5,晨光（M&G）A4打印纸复印纸一箱 办公打印用纸整箱5包2500张批发 【办公推荐】70g 一箱（2500张）,105,2025-04-26,http://item.jd.com/10069482136966.html
2024-05-22,123.5,晨光（M&G）A4打印纸复印纸一箱 办公打印用纸整箱5包2500张批发 【办公推荐】70g 一箱（2500张）,105,2025-04-26,http://item.jd.com/10069482136966.html
2024-05-23,123.5,晨光（M&G）A4打印纸复印纸一箱 办公打印用纸整箱5包2500张批发 【办公推荐】70g 一箱（2500张）,105,2025-04-26,http://item.jd.com/10069482136966.html
2024-05-24,123.5,晨光（M&G）A4打印纸复印纸一箱 办公打印用纸整箱5包2500张批发 【办公推荐】70g 一箱（2500张）,105,2025-04-26,http://item.jd.com/10069482136966.html
2024-05-25,123.5,晨光（M&G）A4打印纸复印纸一箱 办公打印用纸整箱5包2500张批发 【办公推荐】70g 一箱（2500张）,105,2025-04-26,http://item.jd.com/10069482136966.html
2024-05-26,123.5,晨光（M&G）A4打印纸复印纸一箱 办公打印用纸整箱5包2500张批发 【办公推荐】70g 一箱（2500张）,105,2025-04-26,http://item.jd.com/10069482136966.html
2024-05-27,123.5,晨光（M&G）A4打印纸复印纸一箱 办公打印用纸整箱5包2500张批发 【办公推荐】70g 一箱（2500张）,105,2025-04-26,http://item.jd.com/10069482136966.html
2024-05-28,123.5,晨光（M&G）A4打印纸复印纸一箱 办公打印用纸整箱5包2500张批发 【办公推荐】70g 一箱（2500张）,105,2025-04-26,http://item.jd.com/10069482136966.html
2024-05-29,123.5,晨光（M&G）A4打印纸复印纸一箱 办公打印用纸整箱5包2500张批发 【办公推荐】70g 一箱（2500张）,105,2025-04-26,http://item.jd.com/10069482136966.html
2024-05-30,123.5,晨光（M&G）A4打印纸复印纸一箱 办公打印用纸整箱5包2500张批发 【办公推荐】70g 一箱（2500张）,105,2025-04-26,http://item.jd.com/10069482136966.html
2024-05-31,123.5,晨光（M&G）A4打印纸复印纸一箱 办公打印用纸整箱5包2500张批发 【办公推荐】70g 一箱（2500张）,105,2025-04-26,http://item.jd.com/10069482136966.html
2024-06-01,123.5,晨光（M&G）A4打印纸复印纸一箱 办公打印用纸整箱5包2500张批发 【办公推荐】70g 一箱（2500张）,105,2025-04-26,http://item.jd.com/10069482136966.html
2024-06-02,123.5,晨光（M&G）A4打印纸复印纸一箱 办公打印用纸整箱5包2500张批发 【办公推荐】70g 一箱（2500张）,105,2025-04-26,http://item.jd.com/10069482136966.html
2024-06-03,123.5,晨光（M&G）A4打印纸复印纸一箱 办公打印用纸整箱5包2500张批发 【办公推荐】70g 一箱（2500张）,105,2025-04-26,http://item.jd.com/10069482136966.html
2024-06-04,123.5,晨光（M&G）A4打印纸复印纸一箱 办公打印用纸整箱5包2500张批发 【办公推荐】70g 一箱（2500张）,105,2025-04-26,http://item.jd.com/10069482136966.html
2024-06-05,123.5,晨光（M&G）A4打印纸复印纸一箱 办公打印用纸整箱5包2500张批发 【办公推荐】70g 一箱（2500张）,105,2025-04-26,http://item.jd.com/10069482136966.html
2024-06-06,123.5,晨光（M&G）A4打印纸复印纸一箱 办公打印用纸整箱5包2500张批发 【办公推荐】70g 一箱（2500张）,105,2025-04-26,http://item.jd.com/10069482136966.html
2024-06-07,123.5,晨光（M&G）A4打印纸复印纸一箱 办公打印用纸整箱5包2500张批发 【办公推荐】70g 一箱（2500张）,105,2025-04-26,http://item.jd.com/10069482136966.html
2024-06-08,123.5,晨光（M&G）A4打印纸复印纸一箱 办公打印用纸整箱5包2500张批发 【办公推荐】70g 一箱（2500张）,105,2025-04-26,http://item.jd.com/10069482136966.html
2024-06-09,123.5,晨光（M&G）A4打印纸复印纸一箱 办公打印用纸整箱5包2500张批发 【办公推荐】70g 一箱（2500张）,105,2025-04-26,http://item.jd.com/10069482136966.html
2024-06-10,123.5,晨光（M&G）A4打印纸复印纸一箱 办公打印用纸整箱5包2500张批发 【办公推荐】70g 一箱（2500张）,105,2025-04-26,http://item.jd.com/10069482136966.html
2024-06-11,123.5,晨光（M&G）A4打印纸复印纸一箱 办公打印用纸整箱5包2500张批发 【办公推荐】70g 一箱（2500张）,105,2025-04-26,http://item.jd.com/10069482136966.html
2024-06-12,123.5,晨光（M&G）A4打印纸复印纸一箱 办公打印用纸整箱5包2500张批发 【办公推荐】70g 一箱（2500张）,105,2025-04-26,http://item.jd.com/10069482136966.html
2024-06-13,123.5,晨光（M&G）A4打印纸复印纸一箱 办公打印用纸整箱5包2500张批发 【办公推荐】70g 一箱（2500张）,105,2025-04-26,http://item.jd.com/10069482136966.html
2024-06-14,123.5,晨光（M&G）A4打印纸复印纸一箱 办公打印用纸整箱5包2500张批发 【办公推荐】70g 一箱（2500张）,105,2025-04-26,http://item.jd.com/10069482136966.html
2024-06-15,123.5,晨光（M&G）A4打印纸复印纸一箱 办公打印用纸整箱5包2500张批发 【办公推荐】70g 一箱（2500张）,105,2025-04-26,http://item.jd.com/10069482136966.html
2024-06-16,123.5,晨光（M&G）A4打印纸复印纸一箱 办公打印用纸整箱5包2500张批发 【办公推荐】70g 一箱（2500张）,105,2025-04-26,http://item.jd.com/10069482136966.html
2024-06-17,123.5,晨光（M&G）A4打印纸复印纸一箱 办公打印用纸整箱5包2500张批发 【办公推荐】70g 一箱（2500张）,105,2025-04-26,http://item.jd.com/10069482136966.html
2024-06-18,123.5,晨光（M&G）A4打印纸复印纸一箱 办公打印用纸整箱5包2500张批发 【办公推荐】70g 一箱（2500张）,105,2025-04-26,http://item.jd.com/10069482136966.html
2024-06-19,123.5,晨光（M&G）A4打印纸复印纸一箱 办公打印用纸整箱5包2500张批发 【办公推荐】70g 一箱（2500张）,105,2025-04-26,http://item.jd.com/10069482136966.html
2024-06-20,123.5,晨光（M&G）A4打印纸复印纸一箱 办公打印用纸整箱5包2500张批发 【办公推荐】70g 一箱（2500张）,105,2025-04-26,http://item.jd.com/10069482136966.html
2024-06-21,123.5,晨光（M&G）A4打印纸复印纸一箱 办公打印用纸整箱5包2500张批发 【办公推荐】70g 一箱（2500张）,105,2025-04-26,http://item.jd.com/10069482136966.html
2024-06-22,123.5,晨光（M&G）A4打印纸复印纸一箱 办公打印用纸整箱5包2500张批发 【办公推荐】70g 一箱（2500张）,105,2025-04-26,http://item.jd.com/10069482136966.html
2024-06-23,123.5,晨光（M&G）A4打印纸复印纸一箱 办公打印用纸整箱5包2500张批发 【办公推荐】70g 一箱（2500张）,105,2025-04-26,http://item.jd.com/10069482136966.html
2024-06-24,123.5,晨光（M&G）A4打印纸复印纸一箱 办公打印用纸整箱5包2500张批发 【办公推荐】70g 一箱（2500张）,105,2025-04-26,http://item.jd.com/10069482136966.html
2024-06-25,123.5,晨光（M&G）A4打印纸复印纸一箱 办公打印用纸整箱5包2500张批发 【办公推荐】70g 一箱（2500张）,105,2025-04-26,http://item.jd.com/10069482136966.html
2024-06-26,123.5,晨光（M&G）A4打印纸复印纸一箱 办公打印用纸整箱5包2500张批发 【办公推荐】70g 一箱（2500张）,105,2025-04-26,http://item.jd.com/10069482136966.html
2024-06-27,123.5,晨光（M&G）A4打印纸复印纸一箱 办公打印用纸整箱5包2500张批发 【办公推荐】70g 一箱（2500张）,105,2025-04-26,http://item.jd.com/10069482136966.html
2024-06-28,123.5,晨光（M&G）A4打印纸复印纸一箱 办公打印用纸整箱5包2500张批发 【办公推荐】70g 一箱（2500张）,105,2025-04-26,http://item.jd.com/10069482136966.html
2024-06-29,123.5,晨光（M&G）A4打印纸复印纸一箱 办公打印用纸整箱5包2500张批发 【办公推荐】70g 一箱（2500张）,105,2025-04-26,http://item.jd.com/10069482136966.html
2024-06-30,123.5,晨光（M&G）A4打印纸复印纸一箱 办公打印用纸整箱5包2500张批发 【办公推荐】70g 一箱（2500张）,105,2025-04-26,http://item.jd.com/10069482136966.html
2024-07-01,123.5,晨光（M&G）A4打印纸复印纸一箱 办公打印用纸整箱5包2500张批发 【办公推荐】70g 一箱（2500张）,105,2025-04-26,http://item.jd.com/10069482136966.html
2024-07-02,123.5,晨光（M&G）A4打印纸复印纸一箱 办公打印用纸整箱5包2500张批发 【办公推荐】70g 一箱（2500张）,105,2025-04-26,http://item.jd.com/10069482136966.html
2024-07-03,123.5,晨光（M&G）A4打印纸复印纸一箱 办公打印用纸整箱5包2500张批发 【办公推荐】70g 一箱（2500张）,105,2025-04-26,http://item.jd.com/10069482136966.html
2024-07-04,123.5,晨光（M&G）A4打印纸复印纸一箱 办公打印用纸整箱5包2500张批发 【办公推荐】70g 一箱（2500张）,105,2025-04-26,http://item.jd.com/10069482136966.html
2024-07-05,123.5,晨光（M&G）A4打印纸复印纸一箱 办公打印用纸整箱5包2500张批发 【办公推荐】70g 一箱（2500张）,105,2025-04-26,http://item.jd.com/10069482136966.html
2024-07-06,123.5,晨光（M&G）A4打印纸复印纸一箱 办公打印用纸整箱5包2500张批发 【办公推荐】70g 一箱（2500张）,105,2025-04-26,http://item.jd.com/10069482136966.html
2024-07-07,123.5,晨光（M&G）A4打印纸复印纸一箱 办公打印用纸整箱5包2500张批发 【办公推荐】70g 一箱（2500张）,105,2025-04-26,http://item.jd.com/10069482136966.html
2024-07-08,123.5,晨光（M&G）A4打印纸复印纸一箱 办公打印用纸整箱5包2500张批发 【办公推荐】70g 一箱（2500张）,105,2025-04-26,http://item.jd.com/10069482136966.html
2024-07-09,123.5,晨光（M&G）A4打印纸复印纸一箱 办公打印用纸整箱5包2500张批发 【办公推荐】70g 一箱（2500张）,105,2025-04-26,http://item.jd.com/10069482136966.html
2024-07-10,123.5,晨光（M&G）A4打印纸复印纸一箱 办公打印用纸整箱5包2500张批发 【办公推荐】70g 一箱（2500张）,105,2025-04-26,http://item.jd.com/10069482136966.html
2024-07-11,123.5,晨光（M&G）A4打印纸复印纸一箱 办公打印用纸整箱5包2500张批发 【办公推荐】70g 一箱（2500张）,105,2025-04-26,http://item.jd.com/10069482136966.html
2024-07-12,123.5,晨光（M&G）A4打印纸复印纸一箱 办公打印用纸整箱5包2500张批发 【办公推荐】70g 一箱（2500张）,105,2025-04-26,http://item.jd.com/10069482136966.html
2024-07-13,123.5,晨光（M&G）A4打印纸复印纸一箱 办公打印用纸整箱5包2500张批发 【办公推荐】70g 一箱（2500张）,105,2025-04-26,http://item.jd.com/10069482136966.html
2024-07-14,123.5,晨光（M&G）A4打印纸复印纸一箱 办公打印用纸整箱5包2500张批发 【办公推荐】70g 一箱（2500张）,105,2025-04-26,http://item.jd.com/10069482136966.html
2024-07-15,123.5,晨光（M&G）A4打印纸复印纸一箱 办公打印用纸整箱5包2500张批发 【办公推荐】70g 一箱（2500张）,105,2025-04-26,http://item.jd.com/10069482136966.html
2024-07-16,123.5,晨光（M&G）A4打印纸复印纸一箱 办公打印用纸整箱5包2500张批发 【办公推荐】70g 一箱（2500张）,105,2025-04-26,http://item.jd.com/10069482136966.html
2024-07-17,123.5,晨光（M&G）A4打印纸复印纸一箱 办公打印用纸整箱5包2500张批发 【办公推荐】70g 一箱（2500张）,105,2025-04-26,http://item.jd.com/10069482136966.html
2024-07-18,123.5,晨光（M&G）A4打印纸复印纸一箱 办公打印用纸整箱5包2500张批发 【办公推荐】70g 一箱（2500张）,105,2025-04-26,http://item.jd.com/10069482136966.html
2024-07-19,123.5,晨光（M&G）A4打印纸复印纸一箱 办公打印用纸整箱5包2500张批发 【办公推荐】70g 一箱（2500张）,105,2025-04-26,http://item.jd.com/10069482136966.html
2024-07-20,123.5,晨光（M&G）A4打印纸复印纸一箱 办公打印用纸整箱5包2500张批发 【办公推荐】70g 一箱（2500张）,105,2025-04-26,http://item.jd.com/10069482136966.html
2024-07-21,123.5,晨光（M&G）A4打印纸复印纸一箱 办公打印用纸整箱5包2500张批发 【办公推荐】70g 一箱（2500张）,105,2025-04-26,http://item.jd.com/10069482136966.html
2024-07-22,123.5,晨光（M&G）A4打印纸复印纸一箱 办公打印用纸整箱5包2500张批发 【办公推荐】70g 一箱（2500张）,105,2025-04-26,http://item.jd.com/10069482136966.html
2024-07-23,123.5,晨光（M&G）A4打印纸复印纸一箱 办公打印用纸整箱5包2500张批发 【办公推荐】70g 一箱（2500张）,105,2025-04-26,http://item.jd.com/10069482136966.html
2024-07-24,123.5,晨光（M&G）A4打印纸复印纸一箱 办公打印用纸整箱5包2500张批发 【办公推荐】70g 一箱（2500张）,105,2025-04-26,http://item.jd.com/10069482136966.html
2024-07-25,123.5,晨光（M&G）A4打印纸复印纸一箱 办公打印用纸整箱5包2500张批发 【办公推荐】70g 一箱（2500张）,105,2025-04-26,http://item.jd.com/10069482136966.html
2024-07-26,123.5,晨光（M&G）A4打印纸复印纸一箱 办公打印用纸整箱5包2500张批发 【办公推荐】70g 一箱（2500张）,105,2025-04-26,http://item.jd.com/10069482136966.html
2024-07-27,123.5,晨光（M&G）A4打印纸复印纸一箱 办公打印用纸整箱5包2500张批发 【办公推荐】70g 一箱（2500张）,105,2025-04-26,http://item.jd.com/10069482136966.html
2024-07-28,123.5,晨光（M&G）A4打印纸复印纸一箱 办公打印用纸整箱5包2500张批发 【办公推荐】70g 一箱（2500张）,105,2025-04-26,http://item.jd.com/10069482136966.html
2024-07-29,123.5,晨光（M&G）A4打印纸复印纸一箱 办公打印用纸整箱5包2500张批发 【办公推荐】70g 一箱（2500张）,105,2025-04-26,http://item.jd.com/10069482136966.html
2024-07-30,123.5,晨光（M&G）A4打印纸复印纸一箱 办公打印用纸整箱5包2500张批发 【办公推荐】70g 一箱（2500张）,105,2025-04-26,http://item.jd.com/10069482136966.html
2024-07-31,123.5,晨光（M&G）A4打印纸复印纸一箱 办公打印用纸整箱5包2500张批发 【办公推荐】70g 一箱（2500张）,105,2025-04-26,http://item.jd.com/10069482136966.html
2024-08-01,123.5,晨光（M&G）A4打印纸复印纸一箱 办公打印用纸整箱5包2500张批发 【办公推荐】70g 一箱（2500张）,105,2025-04-26,http://item.jd.com/10069482136966.html
2024-08-02,123.5,晨光（M&G）A4打印纸复印纸一箱 办公打印用纸整箱5包2500张批发 【办公推荐】70g 一箱（2500张）,105,2025-04-26,http://item.jd.com/10069482136966.html
2024-08-03,123.5,晨光（M&G）A4打印纸复印纸一箱 办公打印用纸整箱5包2500张批发 【办公推荐】70g 一箱（2500张）,105,2025-04-26,http://item.jd.com/10069482136966.html
2024-08-04,123.5,晨光（M&G）A4打印纸复印纸一箱 办公打印用纸整箱5包2500张批发 【办公推荐】70g 一箱（2500张）,105,2025-04-26,http://item.jd.com/10069482136966.html
2024-08-05,123.5,晨光（M&G）A4打印纸复印纸一箱 办公打印用纸整箱5包2500张批发 【办公推荐】70g 一箱（2500张）,105,2025-04-26,http://item.jd.com/10069482136966.html
2024-08-06,123.5,晨光（M&G）A4打印纸复印纸一箱 办公打印用纸整箱5包2500张批发 【办公推荐】70g 一箱（2500张）,105,2025-04-26,http://item.jd.com/10069482136966.html
2024-08-07,123.5,晨光（M&G）A4打印纸复印纸一箱 办公打印用纸整箱5包2500张批发 【办公推荐】70g 一箱（2500张）,105,2025-04-26,http://item.jd.com/10069482136966.html
2024-08-08,123.5,晨光（M&G）A4打印纸复印纸一箱 办公打印用纸整箱5包2500张批发 【办公推荐】70g 一箱（2500张）,105,2025-04-26,http://item.jd.com/10069482136966.html
2024-08-09,123.5,晨光（M&G）A4打印纸复印纸一箱 办公打印用纸整箱5包2500张批发 【办公推荐】70g 一箱（2500张）,105,2025-04-26,http://item.jd.com/10069482136966.html
2024-08-10,123.5,晨光（M&G）A4打印纸复印纸一箱 办公打印用纸整箱5包2500张批发 【办公推荐】70g 一箱（2500张）,105,2025-04-26,http://item.jd.com/10069482136966.html
2024-08-11,123.5,晨光（M&G）A4打印纸复印纸一箱 办公打印用纸整箱5包2500张批发 【办公推荐】70g 一箱（2500张）,105,2025-04-26,http://item.jd.com/10069482136966.html
2024-08-12,123.5,晨光（M&G）A4打印纸复印纸一箱 办公打印用纸整箱5包2500张批发 【办公推荐】70g 一箱（2500张）,105,2025-04-26,http://item.jd.com/10069482136966.html
2024-08-13,123.5,晨光（M&G）A4打印纸复印纸一箱 办公打印用纸整箱5包2500张批发 【办公推荐】70g 一箱（2500张）,105,2025-04-26,http://item.jd.com/10069482136966.html
2024-08-14,123.5,晨光（M&G）A4打印纸复印纸一箱 办公打印用纸整箱5包2500张批发 【办公推荐】70g 一箱（2500张）,105,2025-04-26,http://item.jd.com/10069482136966.html
2024-08-15,123.5,晨光（M&G）A4打印纸复印纸一箱 办公打印用纸整箱5包2500张批发 【办公推荐】70g 一箱（2500张）,105,2025-04-26,http://item.jd.com/10069482136966.html
2024-08-16,123.5,晨光（M&G）A4打印纸复印纸一箱 办公打印用纸整箱5包2500张批发 【办公推荐】70g 一箱（2500张）,105,2025-04-26,http://item.jd.com/10069482136966.html
2024-08-17,123.5,晨光（M&G）A4打印纸复印纸一箱 办公打印用纸整箱5包2500张批发 【办公推荐】70g 一箱（2500张）,105,2025-04-26,http://item.jd.com/10069482136966.html
2024-08-18,123.5,晨光（M&G）A4打印纸复印纸一箱 办公打印用纸整箱5包2500张批发 【办公推荐】70g 一箱（2500张）,105,2025-04-26,http://item.jd.com/10069482136966.html
2024-08-19,123.5,晨光（M&G）A4打印纸复印纸一箱 办公打印用纸整箱5包2500张批发 【办公推荐】70g 一箱（2500张）,105,2025-04-26,http://item.jd.com/10069482136966.html
2024-08-20,123.5,晨光（M&G）A4打印纸复印纸一箱 办公打印用纸整箱5包2500张批发 【办公推荐】70g 一箱（2500张）,105,2025-04-26,http://item.jd.com/10069482136966.html
2024-08-21,123.5,晨光（M&G）A4打印纸复印纸一箱 办公打印用纸整箱5包2500张批发 【办公推荐】70g 一箱（2500张）,105,2025-04-26,http://item.jd.com/10069482136966.html
2024-08-22,123.5,晨光（M&G）A4打印纸复印纸一箱 办公打印用纸整箱5包2500张批发 【办公推荐】70g 一箱（2500张）,105,2025-04-26,http://item.jd.com/10069482136966.html
2024-08-23,123.5,晨光（M&G）A4打印纸复印纸一箱 办公打印用纸整箱5包2500张批发 【办公推荐】70g 一箱（2500张）,105,2025-04-26,http://item.jd.com/10069482136966.html
2024-08-24,123.5,晨光（M&G）A4打印纸复印纸一箱 办公打印用纸整箱5包2500张批发 【办公推荐】70g 一箱（2500张）,105,2025-04-26,http://item.jd.com/10069482136966.html
2024-08-25,123.5,晨光（M&G）A4打印纸复印纸一箱 办公打印用纸整箱5包2500张批发 【办公推荐】70g 一箱（2500张）,105,2025-04-26,http://item.jd.com/10069482136966.html
2024-08-26,123.5,晨光（M&G）A4打印纸复印纸一箱 办公打印用纸整箱5包2500张批发 【办公推荐】70g 一箱（2500张）,105,2025-04-26,http://item.jd.com/10069482136966.html
2024-08-27,123.5,晨光（M&G）A4打印纸复印纸一箱 办公打印用纸整箱5包2500张批发 【办公推荐】70g 一箱（2500张）,105,2025-04-26,http://item.jd.com/10069482136966.html
2024-08-28,123.5,晨光（M&G）A4打印纸复印纸一箱 办公打印用纸整箱5包2500张批发 【办公推荐】70g 一箱（2500张）,105,2025-04-26,http://item.jd.com/10069482136966.html
2024-08-29,123.5,晨光（M&G）A4打印纸复印纸一箱 办公打印用纸整箱5包2500张批发 【办公推荐】70g 一箱（2500张）,105,2025-04-26,http://item.jd.com/10069482136966.html
2024-08-30,123.5,晨光（M&G）A4打印纸复印纸一箱 办公打印用纸整箱5包2500张批发 【办公推荐】70g 一箱（2500张）,105,2025-04-26,http://item.jd.com/10069482136966.html
2024-08-31,123.5,晨光（M&G）A4打印纸复印纸一箱 办公打印用纸整箱5包2500张批发 【办公推荐】70g 一箱（2500张）,105,2025-04-26,http://item.jd.com/10069482136966.html
2024-09-01,123.5,晨光（M&G）A4打印纸复印纸一箱 办公打印用纸整箱5包2500张批发 【办公推荐】70g 一箱（2500张）,105,2025-04-26,http://item.jd.com/10069482136966.html
2024-09-02,123.5,晨光（M&G）A4打印纸复印纸一箱 办公打印用纸整箱5包2500张批发 【办公推荐】70g 一箱（2500张）,105,2025-04-26,http://item.jd.com/10069482136966.html
2024-09-03,123.5,晨光（M&G）A4打印纸复印纸一箱 办公打印用纸整箱5包2500张批发 【办公推荐】70g 一箱（2500张）,105,2025-04-26,http://item.jd.com/10069482136966.html
2024-09-04,123.5,晨光（M&G）A4打印纸复印纸一箱 办公打印用纸整箱5包2500张批发 【办公推荐】70g 一箱（2500张）,105,2025-04-26,http://item.jd.com/10069482136966.html
2024-09-05,123.5,晨光（M&G）A4打印纸复印纸一箱 办公打印用纸整箱5包2500张批发 【办公推荐】70g 一箱（2500张）,105,2025-04-26,http://item.jd.com/10069482136966.html
2024-09-06,123.5,晨光（M&G）A4打印纸复印纸一箱 办公打印用纸整箱5包2500张批发 【办公推荐】70g 一箱（2500张）,105,2025-04-26,http://item.jd.com/10069482136966.html
2024-09-07,123.5,晨光（M&G）A4打印纸复印纸一箱 办公打印用纸整箱5包2500张批发 【办公推荐】70g 一箱（2500张）,105,2025-04-26,http://item.jd.com/10069482136966.html
2024-09-08,123.5,晨光（M&G）A4打印纸复印纸一箱 办公打印用纸整箱5包2500张批发 【办公推荐】70g 一箱（2500张）,105,2025-04-26,http://item.jd.com/10069482136966.html
2024-09-09,123.5,晨光（M&G）A4打印纸复印纸一箱 办公打印用纸整箱5包2500张批发 【办公推荐】70g 一箱（2500张）,105,2025-04-26,http://item.jd.com/10069482136966.html
2024-09-10,123.5,晨光（M&G）A4打印纸复印纸一箱 办公打印用纸整箱5包2500张批发 【办公推荐】70g 一箱（2500张）,105,2025-04-26,http://item.jd.com/10069482136966.html
2024-09-11,123.5,晨光（M&G）A4打印纸复印纸一箱 办公打印用纸整箱5包2500张批发 【办公推荐】70g 一箱（2500张）,105,2025-04-26,http://item.jd.com/10069482136966.html
2024-09-12,123.5,晨光（M&G）A4打印纸复印纸一箱 办公打印用纸整箱5包2500张批发 【办公推荐】70g 一箱（2500张）,105,2025-04-26,http://item.jd.com/10069482136966.html
2024-09-13,123.5,晨光（M&G）A4打印纸复印纸一箱 办公打印用纸整箱5包2500张批发 【办公推荐】70g 一箱（2500张）,105,2025-04-26,http://item.jd.com/10069482136966.html
2024-09-14,123.5,晨光（M&G）A4打印纸复印纸一箱 办公打印用纸整箱5包2500张批发 【办公推荐】70g 一箱（2500张）,105,2025-04-26,http://item.jd.com/10069482136966.html
2024-09-15,123.5,晨光（M&G）A4打印纸复印纸一箱 办公打印用纸整箱5包2500张批发 【办公推荐】70g 一箱（2500张）,105,2025-04-26,http://item.jd.com/10069482136966.html
2024-09-16,123.5,晨光（M&G）A4打印纸复印纸一箱 办公打印用纸整箱5包2500张批发 【办公推荐】70g 一箱（2500张）,105,2025-04-26,http://item.jd.com/10069482136966.html
2024-09-17,123.5,晨光（M&G）A4打印纸复印纸一箱 办公打印用纸整箱5包2500张批发 【办公推荐】70g 一箱（2500张）,105,2025-04-26,http://item.jd.com/10069482136966.html
2024-09-18,123.5,晨光（M&G）A4打印纸复印纸一箱 办公打印用纸整箱5包2500张批发 【办公推荐】70g 一箱（2500张）,105,2025-04-26,http://item.jd.com/10069482136966.html
2024-09-19,123.5,晨光（M&G）A4打印纸复印纸一箱 办公打印用纸整箱5包2500张批发 【办公推荐】70g 一箱（2500张）,105,2025-04-26,http://item.jd.com/10069482136966.html
2024-09-20,123.5,晨光（M&G）A4打印纸复印纸一箱 办公打印用纸整箱5包2500张批发 【办公推荐】70g 一箱（2500张）,105,2025-04-26,http://item.jd.com/10069482136966.html
2024-09-21,123.5,晨光（M&G）A4打印纸复印纸一箱 办公打印用纸整箱5包2500张批发 【办公推荐】70g 一箱（2500张）,105,2025-04-26,http://item.jd.com/10069482136966.html
2024-09-22,123.5,晨光（M&G）A4打印纸复印纸一箱 办公打印用纸整箱5包2500张批发 【办公推荐】70g 一箱（2500张）,105,2025-04-26,http://item.jd.com/10069482136966.html
2024-09-23,123.5,晨光（M&G）A4打印纸复印纸一箱 办公打印用纸整箱5包2500张批发 【办公推荐】70g 一箱（2500张）,105,2025-04-26,http://item.jd.com/10069482136966.html
2024-09-24,123.5,晨光（M&G）A4打印纸复印纸一箱 办公打印用纸整箱5包2500张批发 【办公推荐】70g 一箱（2500张）,105,2025-04-26,http://item.jd.com/10069482136966.html
2024-09-25,123.5,晨光（M&G）A4打印纸复印纸一箱 办公打印用纸整箱5包2500张批发 【办公推荐】70g 一箱（2500张）,105,2025-04-26,http://item.jd.com/10069482136966.html
2024-09-26,123.5,晨光（M&G）A4打印纸复印纸一箱 办公打印用纸整箱5包2500张批发 【办公推荐】70g 一箱（2500张）,105,2025-04-26,http://item.jd.com/10069482136966.html
2024-09-27,123.5,晨光（M&G）A4打印纸复印纸一箱 办公打印用纸整箱5包2500张批发 【办公推荐】70g 一箱（2500张）,105,2025-04-26,http://item.jd.com/10069482136966.html
2024-09-28,123.5,晨光（M&G）A4打印纸复印纸一箱 办公打印用纸整箱5包2500张批发 【办公推荐】70g 一箱（2500张）,105,2025-04-26,http://item.jd.com/10069482136966.html
2024-09-29,123.5,晨光（M&G）A4打印纸复印纸一箱 办公打印用纸整箱5包2500张批发 【办公推荐】70g 一箱（2500张）,105,2025-04-26,http://item.jd.com/10069482136966.html
2024-09-30,123.5,晨光（M&G）A4打印纸复印纸一箱 办公打印用纸整箱5包2500张批发 【办公推荐】70g 一箱（2500张）,105,2025-04-26,http://item.jd.com/10069482136966.html
2024-10-01,123.5,晨光（M&G）A4打印纸复印纸一箱 办公打印用纸整箱5包2500张批发 【办公推荐】70g 一箱（2500张）,105,2025-04-26,http://item.jd.com/10069482136966.html
2024-10-02,123.5,晨光（M&G）A4打印纸复印纸一箱 办公打印用纸整箱5包2500张批发 【办公推荐】70g 一箱（2500张）,105,2025-04-26,http://item.jd.com/10069482136966.html
2024-10-03,123.5,晨光（M&G）A4打印纸复印纸一箱 办公打印用纸整箱5包2500张批发 【办公推荐】70g 一箱（2500张）,105,2025-04-26,http://item.jd.com/10069482136966.html
2024-10-04,123.5,晨光（M&G）A4打印纸复印纸一箱 办公打印用纸整箱5包2500张批发 【办公推荐】70g 一箱（2500张）,105,2025-04-26,http://item.jd.com/10069482136966.html
2024-10-05,123.5,晨光（M&G）A4打印纸复印纸一箱 办公打印用纸整箱5包2500张批发 【办公推荐】70g 一箱（2500张）,105,2025-04-26,http://item.jd.com/10069482136966.html
2024-10-06,123.5,晨光（M&G）A4打印纸复印纸一箱 办公打印用纸整箱5包2500张批发 【办公推荐】70g 一箱（2500张）,105,2025-04-26,http://item.jd.com/10069482136966.html
2024-10-07,123.5,晨光（M&G）A4打印纸复印纸一箱 办公打印用纸整箱5包2500张批发 【办公推荐】70g 一箱（2500张）,105,2025-04-26,http://item.jd.com/10069482136966.html
2024-10-08,123.5,晨光（M&G）A4打印纸复印纸一箱 办公打印用纸整箱5包2500张批发 【办公推荐】70g 一箱（2500张）,105,2025-04-26,http://item.jd.com/10069482136966.html
2024-10-09,123.5,晨光（M&G）A4打印纸复印纸一箱 办公打印用纸整箱5包2500张批发 【办公推荐】70g 一箱（2500张）,105,2025-04-26,http://item.jd.com/10069482136966.html
2024-10-10,123.5,晨光（M&G）A4打印纸复印纸一箱 办公打印用纸整箱5包2500张批发 【办公推荐】70g 一箱（2500张）,105,2025-04-26,http://item.jd.com/10069482136966.html
2024-10-11,123.5,晨光（M&G）A4打印纸复印纸一箱 办公打印用纸整箱5包2500张批发 【办公推荐】70g 一箱（2500张）,105,2025-04-26,http://item.jd.com/10069482136966.html
2024-10-12,123.5,晨光（M&G）A4打印纸复印纸一箱 办公打印用纸整箱5包2500张批发 【办公推荐】70g 一箱（2500张）,105,2025-04-26,http://item.jd.com/10069482136966.html
2024-10-13,123.5,晨光（M&G）A4打印纸复印纸一箱 办公打印用纸整箱5包2500张批发 【办公推荐】70g 一箱（2500张）,105,2025-04-26,http://item.jd.com/10069482136966.html
2024-10-14,123.5,晨光（M&G）A4打印纸复印纸一箱 办公打印用纸整箱5包2500张批发 【办公推荐】70g 一箱（2500张）,105,2025-04-26,http://item.jd.com/10069482136966.html
2024-10-15,123.5,晨光（M&G）A4打印纸复印纸一箱 办公打印用纸整箱5包2500张批发 【办公推荐】70g 一箱（2500张）,105,2025-04-26,http://item.jd.com/10069482136966.html
2024-10-16,123.5,晨光（M&G）A4打印纸复印纸一箱 办公打印用纸整箱5包2500张批发 【办公推荐】70g 一箱（2500张）,105,2025-04-26,http://item.jd.com/10069482136966.html
2024-10-17,123.5,晨光（M&G）A4打印纸复印纸一箱 办公打印用纸整箱5包2500张批发 【办公推荐】70g 一箱（2500张）,105,2025-04-26,http://item.jd.com/10069482136966.html
2024-10-18,123.5,晨光（M&G）A4打印纸复印纸一箱 办公打印用纸整箱5包2500张批发 【办公推荐】70g 一箱（2500张）,105,2025-04-26,http://item.jd.com/10069482136966.html
2024-10-19,123.5,晨光（M&G）A4打印纸复印纸一箱 办公打印用纸整箱5包2500张批发 【办公推荐】70g 一箱（2500张）,105,2025-04-26,http://item.jd.com/10069482136966.html
2024-10-20,123.5,晨光（M&G）A4打印纸复印纸一箱 办公打印用纸整箱5包2500张批发 【办公推荐】70g 一箱（2500张）,105,2025-04-26,http://item.jd.com/10069482136966.html
2024-10-21,123.5,晨光（M&G）A4打印纸复印纸一箱 办公打印用纸整箱5包2500张批发 【办公推荐】70g 一箱（2500张）,105,2025-04-26,http://item.jd.com/10069482136966.html
2024-10-22,123.5,晨光（M&G）A4打印纸复印纸一箱 办公打印用纸整箱5包2500张批发 【办公推荐】70g 一箱（2500张）,105,2025-04-26,http://item.jd.com/10069482136966.html
2024-10-23,123.5,晨光（M&G）A4打印纸复印纸一箱 办公打印用纸整箱5包2500张批发 【办公推荐】70g 一箱（2500张）,105,2025-04-26,http://item.jd.com/10069482136966.html
2024-10-24,123.5,晨光（M&G）A4打印纸复印纸一箱 办公打印用纸整箱5包2500张批发 【办公推荐】70g 一箱（2500张）,105,2025-04-26,http://item.jd.com/10069482136966.html
2024-10-25,123.5,晨光（M&G）A4打印纸复印纸一箱 办公打印用纸整箱5包2500张批发 【办公推荐】70g 一箱（2500张）,105,2025-04-26,http://item.jd.com/10069482136966.html
2024-10-26,123.5,晨光（M&G）A4打印纸复印纸一箱 办公打印用纸整箱5包2500张批发 【办公推荐】70g 一箱（2500张）,105,2025-04-26,http://item.jd.com/10069482136966.html
2024-10-27,123.5,晨光（M&G）A4打印纸复印纸一箱 办公打印用纸整箱5包2500张批发 【办公推荐】70g 一箱（2500张）,105,2025-04-26,http://item.jd.com/10069482136966.html
2024-10-28,123.5,晨光（M&G）A4打印纸复印纸一箱 办公打印用纸整箱5包2500张批发 【办公推荐】70g 一箱（2500张）,105,2025-04-26,http://item.jd.com/10069482136966.html
2024-10-29,123.5,晨光（M&G）A4打印纸复印纸一箱 办公打印用纸整箱5包2500张批发 【办公推荐】70g 一箱（2500张）,105,2025-04-26,http://item.jd.com/10069482136966.html
2024-10-30,123.5,晨光（M&G）A4打印纸复印纸一箱 办公打印用纸整箱5包2500张批发 【办公推荐】70g 一箱（2500张）,105,2025-04-26,http://item.jd.com/10069482136966.html
2024-10-31,123.5,晨光（M&G）A4打印纸复印纸一箱 办公打印用纸整箱5包2500张批发 【办公推荐】70g 一箱（2500张）,105,2025-04-26,http://item.jd.com/10069482136966.html
2024-11-01,123.5,晨光（M&G）A4打印纸复印纸一箱 办公打印用纸整箱5包2500张批发 【办公推荐】70g 一箱（2500张）,105,2025-04-26,http://item.jd.com/10069482136966.html
2024-11-02,123.5,晨光（M&G）A4打印纸复印纸一箱 办公打印用纸整箱5包2500张批发 【办公推荐】70g 一箱（2500张）,105,2025-04-26,http://item.jd.com/10069482136966.html
2024-11-03,123.5,晨光（M&G）A4打印纸复印纸一箱 办公打印用纸整箱5包2500张批发 【办公推荐】70g 一箱（2500张）,105,2025-04-26,http://item.jd.com/10069482136966.html
2024-11-04,123.5,晨光（M&G）A4打印纸复印纸一箱 办公打印用纸整箱5包2500张批发 【办公推荐】70g 一箱（2500张）,105,2025-04-26,http://item.jd.com/10069482136966.html
2024-11-05,123.5,晨光（M&G）A4打印纸复印纸一箱 办公打印用纸整箱5包2500张批发 【办公推荐】70g 一箱（2500张）,105,2025-04-26,http://item.jd.com/10069482136966.html
2024-11-06,123.5,晨光（M&G）A4打印纸复印纸一箱 办公打印用纸整箱5包2500张批发 【办公推荐】70g 一箱（2500张）,105,2025-04-26,http://item.jd.com/10069482136966.html
2024-11-07,123.5,晨光（M&G）A4打印纸复印纸一箱 办公打印用纸整箱5包2500张批发 【办公推荐】70g 一箱（2500张）,105,2025-04-26,http://item.jd.com/10069482136966.html
2024-11-08,123.5,晨光（M&G）A4打印纸复印纸一箱 办公打印用纸整箱5包2500张批发 【办公推荐】70g 一箱（2500张）,105,2025-04-26,http://item.jd.com/10069482136966.html
2024-11-09,123.5,晨光（M&G）A4打印纸复印纸一箱 办公打印用纸整箱5包2500张批发 【办公推荐】70g 一箱（2500张）,105,2025-04-26,http://item.jd.com/10069482136966.html
2024-11-10,123.5,晨光（M&G）A4打印纸复印纸一箱 办公打印用纸整箱5包2500张批发 【办公推荐】70g 一箱（2500张）,105,2025-04-26,http://item.jd.com/10069482136966.html
2024-11-11,123.5,晨光（M&G）A4打印纸复印纸一箱 办公打印用纸整箱5包2500张批发 【办公推荐】70g 一箱（2500张）,105,2025-04-26,http://item.jd.com/10069482136966.html
2024-11-12,123.5,晨光（M&G）A4打印纸复印纸一箱 办公打印用纸整箱5包2500张批发 【办公推荐】70g 一箱（2500张）,105,2025-04-26,http://item.jd.com/10069482136966.html
2024-11-13,123.5,晨光（M&G）A4打印纸复印纸一箱 办公打印用纸整箱5包2500张批发 【办公推荐】70g 一箱（2500张）,105,2025-04-26,http://item.jd.com/10069482136966.html
2024-11-14,123.5,晨光（M&G）A4打印纸复印纸一箱 办公打印用纸整箱5包2500张批发 【办公推荐】70g 一箱（2500张）,105,2025-04-26,http://item.jd.com/10069482136966.html
2024-11-15,123.5,晨光（M&G）A4打印纸复印纸一箱 办公打印用纸整箱5包2500张批发 【办公推荐】70g 一箱（2500张）,105,2025-04-26,http://item.jd.com/10069482136966.html
2024-11-16,123.5,晨光（M&G）A4打印纸复印纸一箱 办公打印用纸整箱5包2500张批发 【办公推荐】70g 一箱（2500张）,105,2025-04-26,http://item.jd.com/10069482136966.html
2024-11-17,123.5,晨光（M&G）A4打印纸复印纸一箱 办公打印用纸整箱5包2500张批发 【办公推荐】70g 一箱（2500张）,105,2025-04-26,http://item.jd.com/10069482136966.html
2024-11-18,123.5,晨光（M&G）A4打印纸复印纸一箱 办公打印用纸整箱5包2500张批发 【办公推荐】70g 一箱（2500张）,105,2025-04-26,http://item.jd.com/10069482136966.html
2024-11-19,123.5,晨光（M&G）A4打印纸复印纸一箱 办公打印用纸整箱5包2500张批发 【办公推荐】70g 一箱（2500张）,105,2025-04-26,http://item.jd.com/10069482136966.html
2024-11-20,123.5,晨光（M&G）A4打印纸复印纸一箱 办公打印用纸整箱5包2500张批发 【办公推荐】70g 一箱（2500张）,105,2025-04-26,http://item.jd.com/10069482136966.html
2024-11-21,123.5,晨光（M&G）A4打印纸复印纸一箱 办公打印用纸整箱5包2500张批发 【办公推荐】70g 一箱（2500张）,105,2025-04-26,http://item.jd.com/10069482136966.html
2024-11-22,123.5,晨光（M&G）A4打印纸复印纸一箱 办公打印用纸整箱5包2500张批发 【办公推荐】70g 一箱（2500张）,105,2025-04-26,http://item.jd.com/10069482136966.html
2024-11-23,123.5,晨光（M&G）A4打印纸复印纸一箱 办公打印用纸整箱5包2500张批发 【办公推荐】70g 一箱（2500张）,105,2025-04-26,http://item.jd.com/10069482136966.html
2024-11-24,123.5,晨光（M&G）A4打印纸复印纸一箱 办公打印用纸整箱5包2500张批发 【办公推荐】70g 一箱（2500张）,105,2025-04-26,http://item.jd.com/10069482136966.html
2024-11-25,123.5,晨光（M&G）A4打印纸复印纸一箱 办公打印用纸整箱5包2500张批发 【办公推荐】70g 一箱（2500张）,105,2025-04-26,http://item.jd.com/10069482136966.html
2024-11-26,123.5,晨光（M&G）A4打印纸复印纸一箱 办公打印用纸整箱5包2500张批发 【办公推荐】70g 一箱（2500张）,105,2025-04-26,http://item.jd.com/10069482136966.html
2024-11-27,123.5,晨光（M&G）A4打印纸复印纸一箱 办公打印用纸整箱5包2500张批发 【办公推荐】70g 一箱（2500张）,105,2025-04-26,http://item.jd.com/10069482136966.html
2024-11-28,123.5,晨光（M&G）A4打印纸复印纸一箱 办公打印用纸整箱5包2500张批发 【办公推荐】70g 一箱（2500张）,105,2025-04-26,http://item.jd.com/10069482136966.html
2024-11-29,123.5,晨光（M&G）A4打印纸复印纸一箱 办公打印用纸整箱5包2500张批发 【办公推荐】70g 一箱（2500张）,105,2025-04-26,http://item.jd.com/10069482136966.html
2024-11-30,123.5,晨光（M&G）A4打印纸复印纸一箱 办公打印用纸整箱5包2500张批发 【办公推荐】70g 一箱（2500张）,105,2025-04-26,http://item.jd.com/10069482136966.html
2024-12-01,123.5,晨光（M&G）A4打印纸复印纸一箱 办公打印用纸整箱5包2500张批发 【办公推荐】70g 一箱（2500张）,105,2025-04-26,http://item.jd.com/10069482136966.html
2024-12-02,123.5,晨光（M&G）A4打印纸复印纸一箱 办公打印用纸整箱5包2500张批发 【办公推荐】70g 一箱（2500张）,105,2025-04-26,http://item.jd.com/10069482136966.html
2024-12-03,123.5,晨光（M&G）A4打印纸复印纸一箱 办公打印用纸整箱5包2500张批发 【办公推荐】70g 一箱（2500张）,105,2025-04-26,http://item.jd.com/10069482136966.html
2024-12-04,123.5,晨光（M&G）A4打印纸复印纸一箱 办公打印用纸整箱5包2500张批发 【办公推荐】70g 一箱（2500张）,105,2025-04-26,http://item.jd.com/10069482136966.html
2024-12-05,123.5,晨光（M&G）A4打印纸复印纸一箱 办公打印用纸整箱5包2500张批发 【办公推荐】70g 一箱（2500张）,105,2025-04-26,http://item.jd.com/10069482136966.html
2024-12-06,123.5,晨光（M&G）A4打印纸复印纸一箱 办公打印用纸整箱5包2500张批发 【办公推荐】70g 一箱（2500张）,105,2025-04-26,http://item.jd.com/10069482136966.html
2024-12-07,123.5,晨光（M&G）A4打印纸复印纸一箱 办公打印用纸整箱5包2500张批发 【办公推荐】70g 一箱（2500张）,105,2025-04-26,http://item.jd.com/10069482136966.html
2024-12-08,123.5,晨光（M&G）A4打印纸复印纸一箱 办公打印用纸整箱5包2500张批发 【办公推荐】70g 一箱（2500张）,105,2025-04-26,http://item.jd.com/10069482136966.html
2024-12-09,123.5,晨光（M&G）A4打印纸复印纸一箱 办公打印用纸整箱5包2500张批发 【办公推荐】70g 一箱（2500张）,105,2025-04-26,http://item.jd.com/10069482136966.html
2024-12-10,123.5,晨光（M&G）A4打印纸复印纸一箱 办公打印用纸整箱5包2500张批发 【办公推荐】70g 一箱（2500张）,105,2025-04-26,http://item.jd.com/10069482136966.html
2024-12-11,123.5,晨光（M&G）A4打印纸复印纸一箱 办公打印用纸整箱5包2500张批发 【办公推荐】70g 一箱（2500张）,105,2025-04-26,http://item.jd.com/10069482136966.html
2024-12-12,123.5,晨光（M&G）A4打印纸复印纸一箱 办公打印用纸整箱5包2500张批发 【办公推荐】70g 一箱（2500张）,105,2025-04-26,http://item.jd.com/10069482136966.html
2024-12-13,123.5,晨光（M&G）A4打印纸复印纸一箱 办公打印用纸整箱5包2500张批发 【办公推荐】70g 一箱（2500张）,105,2025-04-26,http://item.jd.com/10069482136966.html
2024-12-14,120.0,晨光（M&G）A4打印纸复印纸一箱 办公打印用纸整箱5包2500张批发 【办公推荐】70g 一箱（2500张）,105,2025-04-26,http://item.jd.com/10069482136966.html
2024-12-15,120.0,晨光（M&G）A4打印纸复印纸一箱 办公打印用纸整箱5包2500张批发 【办公推荐】70g 一箱（2500张）,105,2025-04-26,http://item.jd.com/10069482136966.html
2024-12-16,120.0,晨光（M&G）A4打印纸复印纸一箱 办公打印用纸整箱5包2500张批发 【办公推荐】70g 一箱（2500张）,105,2025-04-26,http://item.jd.com/10069482136966.html
2024-12-17,120.0,晨光（M&G）A4打印纸复印纸一箱 办公打印用纸整箱5包2500张批发 【办公推荐】70g 一箱（2500张）,105,2025-04-26,http://item.jd.com/10069482136966.html
2024-12-18,120.0,晨光（M&G）A4打印纸复印纸一箱 办公打印用纸整箱5包2500张批发 【办公推荐】70g 一箱（2500张）,105,2025-04-26,http://item.jd.com/10069482136966.html
2024-12-19,120.0,晨光（M&G）A4打印纸复印纸一箱 办公打印用纸整箱5包2500张批发 【办公推荐】70g 一箱（2500张）,105,2025-04-26,http://item.jd.com/10069482136966.html
2024-12-20,120.0,晨光（M&G）A4打印纸复印纸一箱 办公打印用纸整箱5包2500张批发 【办公推荐】70g 一箱（2500张）,105,2025-04-26,http://item.jd.com/10069482136966.html
2024-12-21,120.0,晨光（M&G）A4打印纸复印纸一箱 办公打印用纸整箱5包2500张批发 【办公推荐】70g 一箱（2500张）,105,2025-04-26,http://item.jd.com/10069482136966.html
2024-12-22,120.0,晨光（M&G）A4打印纸复印纸一箱 办公打印用纸整箱5包2500张批发 【办公推荐】70g 一箱（2500张）,105,2025-04-26,http://item.jd.com/10069482136966.html
2024-12-23,120.0,晨光（M&G）A4打印纸复印纸一箱 办公打印用纸整箱5包2500张批发 【办公推荐】70g 一箱（2500张）,105,2025-04-26,http://item.jd.com/10069482136966.html
2024-12-24,120.0,晨光（M&G）A4打印纸复印纸一箱 办公打印用纸整箱5包2500张批发 【办公推荐】70g 一箱（2500张）,105,2025-04-26,http://item.jd.com/10069482136966.html
2024-12-25,120.0,晨光（M&G）A4打印纸复印纸一箱 办公打印用纸整箱5包2500张批发 【办公推荐】70g 一箱（2500张）,105,2025-04-26,http://item.jd.com/10069482136966.html
2024-12-26,120.0,晨光（M&G）A4打印纸复印纸一箱 办公打印用纸整箱5包2500张批发 【办公推荐】70g 一箱（2500张）,105,2025-04-26,http://item.jd.com/10069482136966.html
2024-12-27,120.0,晨光（M&G）A4打印纸复印纸一箱 办公打印用纸整箱5包2500张批发 【办公推荐】70g 一箱（2500张）,105,2025-04-26,http://item.jd.com/10069482136966.html
2024-12-28,120.0,晨光（M&G）A4打印纸复印纸一箱 办公打印用纸整箱5包2500张批发 【办公推荐】70g 一箱（2500张）,105,2025-04-26,http://item.jd.com/10069482136966.html
2024-12-29,120.0,晨光（M&G）A4打印纸复印纸一箱 办公打印用纸整箱5包2500张批发 【办公推荐】70g 一箱（2500张）,105,2025-04-26,http://item.jd.com/10069482136966.html
2024-12-30,120.0,晨光（M&G）A4打印纸复印纸一箱 办公打印用纸整箱5包2500张批发 【办公推荐】70g 一箱（2500张）,105,2025-04-26,http://item.jd.com/10069482136966.html
2024-12-31,120.0,晨光（M&G）A4打印纸复印纸一箱 办公打印用纸整箱5包2500张批发 【办公推荐】70g 一箱（2500张）,105,2025-04-26,http://item.jd.com/10069482136966.html
2025-01-01,120.0,晨光（M&G）A4打印纸复印纸一箱 办公打印用纸整箱5包2500张批发 【办公推荐】70g 一箱（2500张）,105,2025-04-26,http://item.jd.com/10069482136966.html
2025-01-02,120.0,晨光（M&G）A4打印纸复印纸一箱 办公打印用纸整箱5包2500张批发 【办公推荐】70g 一箱（2500张）,105,2025-04-26,http://item.jd.com/10069482136966.html
2025-01-03,120.0,晨光（M&G）A4打印纸复印纸一箱 办公打印用纸整箱5包2500张批发 【办公推荐】70g 一箱（2500张）,105,2025-04-26,http://item.jd.com/10069482136966.html
2025-01-04,120.0,晨光（M&G）A4打印纸复印纸一箱 办公打印用纸整箱5包2500张批发 【办公推荐】70g 一箱（2500张）,105,2025-04-26,http://item.jd.com/10069482136966.html
2025-01-05,120.0,晨光（M&G）A4打印纸复印纸一箱 办公打印用纸整箱5包2500张批发 【办公推荐】70g 一箱（2500张）,105,2025-04-26,http://item.jd.com/10069482136966.html
2025-01-06,120.0,晨光（M&G）A4打印纸复印纸一箱 办公打印用纸整箱5包2500张批发 【办公推荐】70g 一箱（2500张）,105,2025-04-26,http://item.jd.com/10069482136966.html
2025-01-07,120.0,晨光（M&G）A4打印纸复印纸一箱 办公打印用纸整箱5包2500张批发 【办公推荐】70g 一箱（2500张）,105,2025-04-26,http://item.jd.com/10069482136966.html
2025-01-08,120.0,晨光（M&G）A4打印纸复印纸一箱 办公打印用纸整箱5包2500张批发 【办公推荐】70g 一箱（2500张）,105,2025-04-26,http://item.jd.com/10069482136966.html
2025-01-09,120.0,晨光（M&G）A4打印纸复印纸一箱 办公打印用纸整箱5包2500张批发 【办公推荐】70g 一箱（2500张）,105,2025-04-26,http://item.jd.com/10069482136966.html
2025-01-10,120.0,晨光（M&G）A4打印纸复印纸一箱 办公打印用纸整箱5包2500张批发 【办公推荐】70g 一箱（2500张）,105,2025-04-26,http://item.jd.com/10069482136966.html
2025-01-11,120.0,晨光（M&G）A4打印纸复印纸一箱 办公打印用纸整箱5包2500张批发 【办公推荐】70g 一箱（2500张）,105,2025-04-26,http://item.jd.com/10069482136966.html
2025-01-12,120.0,晨光（M&G）A4打印纸复印纸一箱 办公打印用纸整箱5包2500张批发 【办公推荐】70g 一箱（2500张）,105,2025-04-26,http://item.jd.com/10069482136966.html
2025-01-13,120.0,晨光（M&G）A4打印纸复印纸一箱 办公打印用纸整箱5包2500张批发 【办公推荐】70g 一箱（2500张）,105,2025-04-26,http://item.jd.com/10069482136966.html
2025-01-14,120.0,晨光（M&G）A4打印纸复印纸一箱 办公打印用纸整箱5包2500张批发 【办公推荐】70g 一箱（2500张）,105,2025-04-26,http://item.jd.com/10069482136966.html
2025-01-15,120.0,晨光（M&G）A4打印纸复印纸一箱 办公打印用纸整箱5包2500张批发 【办公推荐】70g 一箱（2500张）,105,2025-04-26,http://item.jd.com/10069482136966.html
2025-01-16,120.0,晨光（M&G）A4打印纸复印纸一箱 办公打印用纸整箱5包2500张批发 【办公推荐】70g 一箱（2500张）,105,2025-04-26,http://item.jd.com/10069482136966.html
2025-01-17,120.0,晨光（M&G）A4打印纸复印纸一箱 办公打印用纸整箱5包2500张批发 【办公推荐】70g 一箱（2500张）,105,2025-04-26,http://item.jd.com/10069482136966.html
2025-01-18,120.0,晨光（M&G）A4打印纸复印纸一箱 办公打印用纸整箱5包2500张批发 【办公推荐】70g 一箱（2500张）,105,2025-04-26,http://item.jd.com/10069482136966.html
2025-01-19,120.0,晨光（M&G）A4打印纸复印纸一箱 办公打印用纸整箱5包2500张批发 【办公推荐】70g 一箱（2500张）,105,2025-04-26,http://item.jd.com/10069482136966.html
2025-01-20,120.0,晨光（M&G）A4打印纸复印纸一箱 办公打印用纸整箱5包2500张批发 【办公推荐】70g 一箱（2500张）,105,2025-04-26,http://item.jd.com/10069482136966.html
2025-01-21,120.0,晨光（M&G）A4打印纸复印纸一箱 办公打印用纸整箱5包2500张批发 【办公推荐】70g 一箱（2500张）,105,2025-04-26,http://item.jd.com/10069482136966.html
2025-01-22,120.0,晨光（M&G）A4打印纸复印纸一箱 办公打印用纸整箱5包2500张批发 【办公推荐】70g 一箱（2500张）,105,2025-04-26,http://item.jd.com/10069482136966.html
2025-01-23,120.0,晨光（M&G）A4打印纸复印纸一箱 办公打印用纸整箱5包2500张批发 【办公推荐】70g 一箱（2500张）,105,2025-04-26,http://item.jd.com/10069482136966.html
2025-01-24,120.0,晨光（M&G）A4打印纸复印纸一箱 办公打印用纸整箱5包2500张批发 【办公推荐】70g 一箱（2500张）,105,2025-04-26,http://item.jd.com/10069482136966.html
2025-01-25,120.0,晨光（M&G）A4打印纸复印纸一箱 办公打印用纸整箱5包2500张批发 【办公推荐】70g 一箱（2500张）,105,2025-04-26,http://item.jd.com/10069482136966.html
2025-01-26,120.0,晨光（M&G）A4打印纸复印纸一箱 办公打印用纸整箱5包2500张批发 【办公推荐】70g 一箱（2500张）,105,2025-04-26,http://item.jd.com/10069482136966.html
2025-01-27,120.0,晨光（M&G）A4打印纸复印纸一箱 办公打印用纸整箱5包2500张批发 【办公推荐】70g 一箱（2500张）,105,2025-04-26,http://item.jd.com/10069482136966.html
2025-01-28,120.0,晨光（M&G）A4打印纸复印纸一箱 办公打印用纸整箱5包2500张批发 【办公推荐】70g 一箱（2500张）,105,2025-04-26,http://item.jd.com/10069482136966.html
2025-01-29,120.0,晨光（M&G）A4打印纸复印纸一箱 办公打印用纸整箱5包2500张批发 【办公推荐】70g 一箱（2500张）,105,2025-04-26,http://item.jd.com/10069482136966.html
2025-01-30,120.0,晨光（M&G）A4打印纸复印纸一箱 办公打印用纸整箱5包2500张批发 【办公推荐】70g 一箱（2500张）,105,2025-04-26,http://item.jd.com/10069482136966.html
2025-01-31,120.0,晨光（M&G）A4打印纸复印纸一箱 办公打印用纸整箱5包2500张批发 【办公推荐】70g 一箱（2500张）,105,2025-04-26,http://item.jd.com/10069482136966.html
2025-02-01,120.0,晨光（M&G）A4打印纸复印纸一箱 办公打印用纸整箱5包2500张批发 【办公推荐】70g 一箱（2500张）,105,2025-04-26,http://item.jd.com/10069482136966.html
2025-02-02,120.0,晨光（M&G）A4打印纸复印纸一箱 办公打印用纸整箱5包2500张批发 【办公推荐】70g 一箱（2500张）,105,2025-04-26,http://item.jd.com/10069482136966.html
2025-02-03,120.0,晨光（M&G）A4打印纸复印纸一箱 办公打印用纸整箱5包2500张批发 【办公推荐】70g 一箱（2500张）,105,2025-04-26,http://item.jd.com/10069482136966.html
2025-02-04,120.0,晨光（M&G）A4打印纸复印纸一箱 办公打印用纸整箱5包2500张批发 【办公推荐】70g 一箱（2500张）,105,2025-04-26,http://item.jd.com/10069482136966.html
2025-02-05,120.0,晨光（M&G）A4打印纸复印纸一箱 办公打印用纸整箱5包2500张批发 【办公推荐】70g 一箱（2500张）,105,2025-04-26,http://item.jd.com/10069482136966.html
2025-02-06,120.0,晨光（M&G）A4打印纸复印纸一箱 办公打印用纸整箱5包2500张批发 【办公推荐】70g 一箱（2500张）,105,2025-04-26,http://item.jd.com/10069482136966.html
2025-02-07,120.0,晨光（M&G）A4打印纸复印纸一箱 办公打印用纸整箱5包2500张批发 【办公推荐】70g 一箱（2500张）,105,2025-04-26,http://item.jd.com/10069482136966.html
2025-02-08,120.0,晨光（M&G）A4打印纸复印纸一箱 办公打印用纸整箱5包2500张批发 【办公推荐】70g 一箱（2500张）,105,2025-04-26,http://item.jd.com/10069482136966.html
2025-02-09,120.0,晨光（M&G）A4打印纸复印纸一箱 办公打印用纸整箱5包2500张批发 【办公推荐】70g 一箱（2500张）,105,2025-04-26,http://item.jd.com/10069482136966.html
2025-02-10,120.0,晨光（M&G）A4打印纸复印纸一箱 办公打印用纸整箱5包2500张批发 【办公推荐】70g 一箱（2500张）,105,2025-04-26,http://item.jd.com/10069482136966.html
2025-02-11,120.0,晨光（M&G）A4打印纸复印纸一箱 办公打印用纸整箱5包2500张批发 【办公推荐】70g 一箱（2500张）,105,2025-04-26,http://item.jd.com/10069482136966.html
2025-02-12,120.0,晨光（M&G）A4打印纸复印纸一箱 办公打印用纸整箱5包2500张批发 【办公推荐】70g 一箱（2500张）,105,2025-04-26,http://item.jd.com/10069482136966.html
2025-02-13,120.0,晨光（M&G）A4打印纸复印纸一箱 办公打印用纸整箱5包2500张批发 【办公推荐】70g 一箱（2500张）,105,2025-04-26,http://item.jd.com/10069482136966.html
2025-02-14,120.0,晨光（M&G）A4打印纸复印纸一箱 办公打印用纸整箱5包2500张批发 【办公推荐】70g 一箱（2500张）,105,2025-04-26,http://item.jd.com/10069482136966.html
2025-02-15,120.0,晨光（M&G）A4打印纸复印纸一箱 办公打印用纸整箱5包2500张批发 【办公推荐】70g 一箱（2500张）,105,2025-04-26,http://item.jd.com/10069482136966.html
2025-02-16,120.0,晨光（M&G）A4打印纸复印纸一箱 办公打印用纸整箱5包2500张批发 【办公推荐】70g 一箱（2500张）,105,2025-04-26,http://item.jd.com/10069482136966.html
2025-02-17,120.0,晨光（M&G）A4打印纸复印纸一箱 办公打印用纸整箱5包2500张批发 【办公推荐】70g 一箱（2500张）,105,2025-04-26,http://item.jd.com/10069482136966.html
2025-02-18,120.0,晨光（M&G）A4打印纸复印纸一箱 办公打印用纸整箱5包2500张批发 【办公推荐】70g 一箱（2500张）,105,2025-04-26,http://item.jd.com/10069482136966.html
2025-02-19,120.0,晨光（M&G）A4打印纸复印纸一箱 办公打印用纸整箱5包2500张批发 【办公推荐】70g 一箱（2500张）,105,2025-04-26,http://item.jd.com/10069482136966.html
2025-02-20,120.0,晨光（M&G）A4打印纸复印纸一箱 办公打印用纸整箱5包2500张批发 【办公推荐】70g 一箱（2500张）,105,2025-04-26,http://item.jd.com/10069482136966.html
2025-02-21,120.0,晨光（M&G）A4打印纸复印纸一箱 办公打印用纸整箱5包2500张批发 【办公推荐】70g 一箱（2500张）,105,2025-04-26,http://item.jd.com/10069482136966.html
2025-02-22,120.0,晨光（M&G）A4打印纸复印纸一箱 办公打印用纸整箱5包2500张批发 【办公推荐】70g 一箱（2500张）,105,2025-04-26,http://item.jd.com/10069482136966.html
2025-02-23,120.0,晨光（M&G）A4打印纸复印纸一箱 办公打印用纸整箱5包2500张批发 【办公推荐】70g 一箱（2500张）,105,2025-04-26,http://item.jd.com/10069482136966.html
2025-02-24,120.0,晨光（M&G）A4打印纸复印纸一箱 办公打印用纸整箱5包2500张批发 【办公推荐】70g 一箱（2500张）,105,2025-04-26,http://item.jd.com/10069482136966.html
2025-02-25,120.0,晨光（M&G）A4打印纸复印纸一箱 办公打印用纸整箱5包2500张批发 【办公推荐】70g 一箱（2500张）,105,2025-04-26,http://item.jd.com/10069482136966.html
2025-02-26,120.0,晨光（M&G）A4打印纸复印纸一箱 办公打印用纸整箱5包2500张批发 【办公推荐】70g 一箱（2500张）,105,2025-04-26,http://item.jd.com/10069482136966.html
2025-02-27,120.0,晨光（M&G）A4打印纸复印纸一箱 办公打印用纸整箱5包2500张批发 【办公推荐】70g 一箱（2500张）,105,2025-04-26,http://item.jd.com/10069482136966.html
2025-02-28,120.0,晨光（M&G）A4打印纸复印纸一箱 办公打印用纸整箱5包2500张批发 【办公推荐】70g 一箱（2500张）,105,2025-04-26,http://item.jd.com/10069482136966.html
2025-03-01,120.0,晨光（M&G）A4打印纸复印纸一箱 办公打印用纸整箱5包2500张批发 【办公推荐】70g 一箱（2500张）,105,2025-04-26,http://item.jd.com/10069482136966.html
2025-03-02,120.0,晨光（M&G）A4打印纸复印纸一箱 办公打印用纸整箱5包2500张批发 【办公推荐】70g 一箱（2500张）,105,2025-04-26,http://item.jd.com/10069482136966.html
2025-03-03,120.0,晨光（M&G）A4打印纸复印纸一箱 办公打印用纸整箱5包2500张批发 【办公推荐】70g 一箱（2500张）,105,2025-04-26,http://item.jd.com/10069482136966.html
2025-03-04,120.0,晨光（M&G）A4打印纸复印纸一箱 办公打印用纸整箱5包2500张批发 【办公推荐】70g 一箱（2500张）,105,2025-04-26,http://item.jd.com/10069482136966.html
2025-03-05,120.0,晨光（M&G）A4打印纸复印纸一箱 办公打印用纸整箱5包2500张批发 【办公推荐】70g 一箱（2500张）,105,2025-04-26,http://item.jd.com/10069482136966.html
2025-03-06,120.0,晨光（M&G）A4打印纸复印纸一箱 办公打印用纸整箱5包2500张批发 【办公推荐】70g 一箱（2500张）,105,2025-04-26,http://item.jd.com/10069482136966.html
2025-03-07,120.0,晨光（M&G）A4打印纸复印纸一箱 办公打印用纸整箱5包2500张批发 【办公推荐】70g 一箱（2500张）,105,2025-04-26,http://item.jd.com/10069482136966.html
2025-03-08,120.0,晨光（M&G）A4打印纸复印纸一箱 办公打印用纸整箱5包2500张批发 【办公推荐】70g 一箱（2500张）,105,2025-04-26,http://item.jd.com/10069482136966.html
2025-03-09,120.0,晨光（M&G）A4打印纸复印纸一箱 办公打印用纸整箱5包2500张批发 【办公推荐】70g 一箱（2500张）,105,2025-04-26,http://item.jd.com/10069482136966.html
2025-03-10,120.0,晨光（M&G）A4打印纸复印纸一箱 办公打印用纸整箱5包2500张批发 【办公推荐】70g 一箱（2500张）,105,2025-04-26,http://item.jd.com/10069482136966.html
2025-03-11,120.0,晨光（M&G）A4打印纸复印纸一箱 办公打印用纸整箱5包2500张批发 【办公推荐】70g 一箱（2500张）,105,2025-04-26,http://item.jd.com/10069482136966.html
2025-03-12,120.0,晨光（M&G）A4打印纸复印纸一箱 办公打印用纸整箱5包2500张批发 【办公推荐】70g 一箱（2500张）,105,2025-04-26,http://item.jd.com/10069482136966.html
2025-03-13,120.0,晨光（M&G）A4打印纸复印纸一箱 办公打印用纸整箱5包2500张批发 【办公推荐】70g 一箱（2500张）,105,2025-04-26,http://item.jd.com/10069482136966.html
2025-03-14,120.0,晨光（M&G）A4打印纸复印纸一箱 办公打印用纸整箱5包2500张批发 【办公推荐】70g 一箱（2500张）,105,2025-04-26,http://item.jd.com/10069482136966.html
2025-03-15,120.0,晨光（M&G）A4打印纸复印纸一箱 办公打印用纸整箱5包2500张批发 【办公推荐】70g 一箱（2500张）,105,2025-04-26,http://item.jd.com/10069482136966.html
2025-03-16,120.0,晨光（M&G）A4打印纸复印纸一箱 办公打印用纸整箱5包2500张批发 【办公推荐】70g 一箱（2500张）,105,2025-04-26,http://item.jd.com/10069482136966.html
2025-03-17,120.0,晨光（M&G）A4打印纸复印纸一箱 办公打印用纸整箱5包2500张批发 【办公推荐】70g 一箱（2500张）,105,2025-04-26,http://item.jd.com/10069482136966.html
2025-03-18,120.0,晨光（M&G）A4打印纸复印纸一箱 办公打印用纸整箱5包2500张批发 【办公推荐】70g 一箱（2500张）,105,2025-04-26,http://item.jd.com/10069482136966.html
2025-03-19,120.0,晨光（M&G）A4打印纸复印纸一箱 办公打印用纸整箱5包2500张批发 【办公推荐】70g 一箱（2500张）,105,2025-04-26,http://item.jd.com/10069482136966.html
2025-03-20,120.0,晨光（M&G）A4打印纸复印纸一箱 办公打印用纸整箱5包2500张批发 【办公推荐】70g 一箱（2500张）,105,2025-04-26,http://item.jd.com/10069482136966.html
2025-03-21,120.0,晨光（M&G）A4打印纸复印纸一箱 办公打印用纸整箱5包2500张批发 【办公推荐】70g 一箱（2500张）,105,2025-04-26,http://item.jd.com/10069482136966.html
2025-03-22,120.0,晨光（M&G）A4打印纸复印纸一箱 办公打印用纸整箱5包2500张批发 【办公推荐】70g 一箱（2500张）,105,2025-04-26,http://item.jd.com/10069482136966.html
2025-03-23,120.0,晨光（M&G）A4打印纸复印纸一箱 办公打印用纸整箱5包2500张批发 【办公推荐】70g 一箱（2500张）,105,2025-04-26,http://item.jd.com/10069482136966.html
2025-03-24,120.0,晨光（M&G）A4打印纸复印纸一箱 办公打印用纸整箱5包2500张批发 【办公推荐】70g 一箱（2500张）,105,2025-04-26,http://item.jd.com/10069482136966.html
2025-03-25,120.0,晨光（M&G）A4打印纸复印纸一箱 办公打印用纸整箱5包2500张批发 【办公推荐】70g 一箱（2500张）,105,2025-04-26,http://item.jd.com/10069482136966.html
2025-03-26,120.0,晨光（M&G）A4打印纸复印纸一箱 办公打印用纸整箱5包2500张批发 【办公推荐】70g 一箱（2500张）,105,2025-04-26,http://item.jd.com/10069482136966.html
2025-03-27,120.0,晨光（M&G）A4打印纸复印纸一箱 办公打印用纸整箱5包2500张批发 【办公推荐】70g 一箱（2500张）,105,2025-04-26,http://item.jd.com/10069482136966.html
2025-03-28,120.0,晨光（M&G）A4打印纸复印纸一箱 办公打印用纸整箱5包2500张批发 【办公推荐】70g 一箱（2500张）,105,2025-04-26,http://item.jd.com/10069482136966.html
2025-03-31,120.0,晨光（M&G）A4打印纸复印纸一箱 办公打印用纸整箱5包2500张批发 【办公推荐】70g 一箱（2500张）,105,2025-04-26,http://item.jd.com/10069482136966.html
2025-04-01,120.0,晨光（M&G）A4打印纸复印纸一箱 办公打印用纸整箱5包2500张批发 【办公推荐】70g 一箱（2500张）,105,2025-04-26,http://item.jd.com/10069482136966.html
2025-04-02,120.0,晨光（M&G）A4打印纸复印纸一箱 办公打印用纸整箱5包2500张批发 【办公推荐】70g 一箱（2500张）,105,2025-04-26,http://item.jd.com/10069482136966.html
2025-04-03,120.0,晨光（M&G）A4打印纸复印纸一箱 办公打印用纸整箱5包2500张批发 【办公推荐】70g 一箱（2500张）,105,2025-04-26,http://item.jd.com/10069482136966.html
2025-04-04,120.0,晨光（M&G）A4打印纸复印纸一箱 办公打印用纸整箱5包2500张批发 【办公推荐】70g 一箱（2500张）,105,2025-04-26,http://item.jd.com/10069482136966.html
2025-04-05,120.0,晨光（M&G）A4打印纸复印纸一箱 办公打印用纸整箱5包2500张批发 【办公推荐】70g 一箱（2500张）,105,2025-04-26,http://item.jd.com/10069482136966.html
2025-04-06,120.0,晨光（M&G）A4打印纸复印纸一箱 办公打印用纸整箱5包2500张批发 【办公推荐】70g 一箱（2500张）,105,2025-04-26,http://item.jd.com/10069482136966.html
2025-04-07,120.0,晨光（M&G）A4打印纸复印纸一箱 办公打印用纸整箱5包2500张批发 【办公推荐】70g 一箱（2500张）,105,2025-04-26,http://item.jd.com/10069482136966.html
2025-04-08,120.0,晨光（M&G）A4打印纸复印纸一箱 办公打印用纸整箱5包2500张批发 【办公推荐】70g 一箱（2500张）,105,2025-04-26,http://item.jd.com/10069482136966.html
2025-04-09,120.0,晨光（M&G）A4打印纸复印纸一箱 办公打印用纸整箱5包2500张批发 【办公推荐】70g 一箱（2500张）,105,2025-04-26,http://item.jd.com/10069482136966.html
2025-04-10,120.0,晨光（M&G）A4打印纸复印纸一箱 办公打印用纸整箱5包2500张批发 【办公推荐】70g 一箱（2500张）,105,2025-04-26,http://item.jd.com/10069482136966.html
2025-04-11,120.0,晨光（M&G）A4打印纸复印纸一箱 办公打印用纸整箱5包2500张批发 【办公推荐】70g 一箱（2500张）,105,2025-04-26,http://item.jd.com/10069482136966.html
2025-04-12,120.0,晨光（M&G）A4打印纸复印纸一箱 办公打印用纸整箱5包2500张批发 【办公推荐】70g 一箱（2500张）,105,2025-04-26,http://item.jd.com/10069482136966.html
2025-04-13,120.0,晨光（M&G）A4打印纸复印纸一箱 办公打印用纸整箱5包2500张批发 【办公推荐】70g 一箱（2500张）,105,2025-04-26,http://item.jd.com/10069482136966.html
2025-04-14,120.0,晨光（M&G）A4打印纸复印纸一箱 办公打印用纸整箱5包2500张批发 【办公推荐】70g 一箱（2500张）,105,2025-04-26,http://item.jd.com/10069482136966.html
2025-04-15,120.0,晨光（M&G）A4打印纸复印纸一箱 办公打印用纸整箱5包2500张批发 【办公推荐】70g 一箱（2500张）,105,2025-04-26,http://item.jd.com/10069482136966.html
2025-04-16,120.0,晨光（M&G）A4打印纸复印纸一箱 办公打印用纸整箱5包2500张批发 【办公推荐】70g 一箱（2500张）,105,2025-04-26,http://item.jd.com/10069482136966.html
2025-04-17,120.0,晨光（M&G）A4打印纸复印纸一箱 办公打印用纸整箱5包2500张批发 【办公推荐】70g 一箱（2500张）,105,2025-04-26,http://item.jd.com/10069482136966.html
2025-04-18,120.0,晨光（M&G）A4打印纸复印纸一箱 办公打印用纸整箱5包2500张批发 【办公推荐】70g 一箱（2500张）,105,2025-04-26,http://item.jd.com/10069482136966.html
2025-04-19,120.0,晨光（M&G）A4打印纸复印纸一箱 办公打印用纸整箱5包2500张批发 【办公推荐】70g 一箱（2500张）,105,2025-04-26,http://item.jd.com/10069482136966.html
2025-04-20,120.0,晨光（M&G）A4打印纸复印纸一箱 办公打印用纸整箱5包2500张批发 【办公推荐】70g 一箱（2500张）,105,2025-04-26,http://item.jd.com/10069482136966.html
2025-04-21,120.0,晨光（M&G）A4打印纸复印纸一箱 办公打印用纸整箱5包2500张批发 【办公推荐】70g 一箱（2500张）,105,2025-04-26,http://item.jd.com/10069482136966.html
2025-04-22,120.0,晨光（M&G）A4打印纸复印纸一箱 办公打印用纸整箱5包2500张批发 【办公推荐】70g 一箱（2500张）,105,2025-04-26,http://item.jd.com/10069482136966.html
2025-04-23,120.0,晨光（M&G）A4打印纸复印纸一箱 办公打印用纸整箱5包2500张批发 【办公推荐】70g 一箱（2500张）,105,2025-04-26,http://item.jd.com/10069482136966.html
2025-04-24,120.0,晨光（M&G）A4打印纸复印纸一箱 办公打印用纸整箱5包2500张批发 【办公推荐】70g 一箱（2500张）,105,2025-04-26,http://item.jd.com/10069482136966.html
2025-04-25,120.0,晨光（M&G）A4打印纸复印纸一箱 办公打印用纸整箱5包2500张批发 【办公推荐】70g 一箱（2500张）,105,2025-04-26,http://item.jd.com/10069482136966.html
2025-04-26,105.0,晨光（M&G）A4打印纸复印纸一箱 办公打印用纸整箱5包2500张批发 【办公推荐】70g 一箱（2500张）,105,2025-04-26,http://item.jd.com/10069482136966.html
2025-04-27,120.0,晨光（M&G）A4打印纸复印纸一箱 办公打印用纸整箱5包2500张批发 【办公推荐】70g 一箱（2500张）,105,2025-04-26,http://item.jd.com/10069482136966.html
2025-04-28,120.0,晨光（M&G）A4打印纸复印纸一箱 办公打印用纸整箱5包2500张批发 【办公推荐】70g 一箱（2500张）,105,2025-04-26,http://item.jd.com/10069482136966.html
2025-04-29,120.0,晨光（M&G）A4打印纸复印纸一箱 办公打印用纸整箱5包2500张批发 【办公推荐】70g 一箱（2500张）,105,2025-04-26,http://item.jd.com/10069482136966.html
2025-04-30,120.0,晨光（M&G）A4打印纸复印纸一箱 办公打印用纸整箱5包2500张批发 【办公推荐】70g 一箱（2500张）,105,2025-04-26,http://item.jd.com/10069482136966.html
